InputFile created with GiD-SAFIR_2016 Interface
Safir_Static_3D_Analysis
Mesh_from_GID-Mesher

      NNODE     328
      NDIM    3
   NDOFMAX    7
    NCORES    4
   DYNAMIC   PURE_NR
     NLOAD    2
   OBLIQUE    0 
  COMEBACK 0.0001
   NORENUM
      NMAT    1
  ELEMENTS
      BEAM    162     2
        NG 2
    NFIBER    440
  END_ELEM
     NODES
      NODE     1 2.90000000E+001 5.80000000E+000 0.00000000E+000
      NODE     2 2.90000000E+001 5.80000000E+000 9.98214286E-002
      NODE     3 2.90000000E+001 5.80000000E+000 1.99642857E-001
      NODE     4 2.90000000E+001 5.80000000E+000 2.99464286E-001
      NODE     5 2.90000000E+001 5.80000000E+000 3.99285714E-001
      NODE     6 2.90000000E+001 5.80000000E+000 4.99107143E-001
      NODE     7 2.90000000E+001 5.80000000E+000 5.98928571E-001
      NODE     8 2.90000000E+001 5.80000000E+000 6.98750000E-001
      NODE     9 2.90000000E+001 5.80000000E+000 7.98571429E-001
      NODE     10 2.90000000E+001 5.80000000E+000 8.98392857E-001
      NODE     11 2.90000000E+001 5.80000000E+000 9.98214286E-001
      NODE     12 2.90000000E+001 5.80000000E+000 1.09803571E+000
      NODE     13 2.90000000E+001 5.80000000E+000 1.19785714E+000
      NODE     14 2.90000000E+001 5.80000000E+000 1.29767857E+000
      NODE     15 2.90000000E+001 5.80000000E+000 1.39750000E+000
      NODE     16 2.90000000E+001 5.80000000E+000 1.49732143E+000
      NODE     17 2.90000000E+001 5.80000000E+000 1.59714286E+000
      NODE     18 2.90000000E+001 5.80000000E+000 1.69696429E+000
      NODE     19 2.90000000E+001 5.80000000E+000 1.79678571E+000
      NODE     20 2.90000000E+001 5.80000000E+000 1.89660714E+000
      NODE     21 2.90000000E+001 5.80000000E+000 1.99642857E+000
      NODE     22 2.90000000E+001 5.80000000E+000 2.09625000E+000
      NODE     23 2.90000000E+001 5.80000000E+000 2.19607143E+000
      NODE     24 2.90000000E+001 5.80000000E+000 2.29589286E+000
      NODE     25 2.90000000E+001 5.80000000E+000 2.39571429E+000
      NODE     26 2.90000000E+001 5.80000000E+000 2.49553571E+000
      NODE     27 2.90000000E+001 5.80000000E+000 2.59535714E+000
      NODE     28 2.90000000E+001 5.80000000E+000 2.69517857E+000
      NODE     29 2.90000000E+001 5.80000000E+000 2.79500000E+000
      NODE     30 2.90000000E+001 5.80000000E+000 2.89482143E+000
      NODE     31 2.90000000E+001 5.80000000E+000 2.99464286E+000
      NODE     32 2.90000000E+001 5.80000000E+000 3.09446429E+000
      NODE     33 2.90000000E+001 5.80000000E+000 3.19428571E+000
      NODE     34 2.90000000E+001 5.80000000E+000 3.29410714E+000
      NODE     35 2.90000000E+001 5.80000000E+000 3.39392857E+000
      NODE     36 2.90000000E+001 5.80000000E+000 3.49375000E+000
      NODE     37 2.90000000E+001 5.80000000E+000 3.59357143E+000
      NODE     38 2.90000000E+001 5.80000000E+000 3.69339286E+000
      NODE     39 2.90000000E+001 5.80000000E+000 3.79321429E+000
      NODE     40 2.90000000E+001 5.80000000E+000 3.89303571E+000
      NODE     41 2.90000000E+001 5.80000000E+000 3.99285714E+000
      NODE     42 2.90000000E+001 5.80000000E+000 4.09267857E+000
      NODE     43 2.90000000E+001 5.80000000E+000 4.19250000E+000
      NODE     44 2.90000000E+001 5.80000000E+000 4.29232143E+000
      NODE     45 2.90000000E+001 5.80000000E+000 4.39214286E+000
      NODE     46 2.90000000E+001 5.80000000E+000 4.49196429E+000
      NODE     47 2.90000000E+001 5.80000000E+000 4.59178571E+000
      NODE     48 2.90000000E+001 5.80000000E+000 4.69160714E+000
      NODE     49 2.90000000E+001 5.80000000E+000 4.79142857E+000
      NODE     50 2.90000000E+001 5.80000000E+000 4.89125000E+000
      NODE     51 2.90000000E+001 5.80000000E+000 4.99107143E+000
      NODE     52 2.40000000E+001 5.80000000E+000 0.00000000E+000
      NODE     53 2.40000000E+001 5.80000000E+000 9.98214286E-002
      NODE     54 2.40000000E+001 5.80000000E+000 1.99642857E-001
      NODE     55 2.40000000E+001 5.80000000E+000 2.99464286E-001
      NODE     56 2.40000000E+001 5.80000000E+000 3.99285714E-001
      NODE     57 2.40000000E+001 5.80000000E+000 4.99107143E-001
      NODE     58 2.40000000E+001 5.80000000E+000 5.98928571E-001
      NODE     59 2.40000000E+001 5.80000000E+000 6.98750000E-001
      NODE     60 2.40000000E+001 5.80000000E+000 7.98571429E-001
      NODE     61 2.40000000E+001 5.80000000E+000 8.98392857E-001
      NODE     62 2.90000000E+001 5.80000000E+000 5.09089286E+000
      NODE     63 2.40000000E+001 5.80000000E+000 9.98214286E-001
      NODE     64 2.40000000E+001 5.80000000E+000 1.09803571E+000
      NODE     65 2.40000000E+001 5.80000000E+000 1.19785714E+000
      NODE     66 2.40000000E+001 5.80000000E+000 1.29767857E+000
      NODE     67 2.90000000E+001 5.80000000E+000 5.19071429E+000
      NODE     68 2.40000000E+001 5.80000000E+000 1.39750000E+000
      NODE     69 2.40000000E+001 5.80000000E+000 1.49732143E+000
      NODE     70 2.40000000E+001 5.80000000E+000 1.59714286E+000
      NODE     71 2.40000000E+001 5.80000000E+000 1.69696429E+000
      NODE     72 2.90000000E+001 5.80000000E+000 5.29053571E+000
      NODE     73 2.40000000E+001 5.80000000E+000 1.79678571E+000
      NODE     74 2.40000000E+001 5.80000000E+000 1.89660714E+000
      NODE     75 2.40000000E+001 5.80000000E+000 1.99642857E+000
      NODE     76 2.90000000E+001 5.80000000E+000 5.39035714E+000
      NODE     77 2.40000000E+001 5.80000000E+000 2.09625000E+000
      NODE     78 2.40000000E+001 5.80000000E+000 2.19607143E+000
      NODE     79 2.90000000E+001 5.80000000E+000 5.49017857E+000
      NODE     80 2.40000000E+001 5.80000000E+000 2.29589286E+000
      NODE     81 2.40000000E+001 5.80000000E+000 2.39571429E+000
      NODE     82 2.40000000E+001 5.80000000E+000 2.49553571E+000
      NODE     83 2.90000000E+001 5.80000000E+000 5.59000000E+000
      NODE     84 2.89000000E+001 5.80000000E+000 5.59000000E+000
      NODE     85 2.88000000E+001 5.80000000E+000 5.59000000E+000
      NODE     86 2.87000000E+001 5.80000000E+000 5.59000000E+000
      NODE     87 2.86000000E+001 5.80000000E+000 5.59000000E+000
      NODE     88 2.85000000E+001 5.80000000E+000 5.59000000E+000
      NODE     89 2.84000000E+001 5.80000000E+000 5.59000000E+000
      NODE     90 2.40000000E+001 5.80000000E+000 2.59535714E+000
      NODE     91 2.83000000E+001 5.80000000E+000 5.59000000E+000
      NODE     92 2.82000000E+001 5.80000000E+000 5.59000000E+000
      NODE     93 2.81000000E+001 5.80000000E+000 5.59000000E+000
      NODE     94 2.80000000E+001 5.80000000E+000 5.59000000E+000
      NODE     95 2.40000000E+001 5.80000000E+000 2.69517857E+000
      NODE     96 2.79000000E+001 5.80000000E+000 5.59000000E+000
      NODE     97 2.78000000E+001 5.80000000E+000 5.59000000E+000
      NODE     98 2.40000000E+001 5.80000000E+000 2.79500000E+000
      NODE     99 2.77000000E+001 5.80000000E+000 5.59000000E+000
      NODE     100 2.76000000E+001 5.80000000E+000 5.59000000E+000
      NODE     101 2.40000000E+001 5.80000000E+000 2.89482143E+000
      NODE     102 2.75000000E+001 5.80000000E+000 5.59000000E+000
      NODE     103 2.74000000E+001 5.80000000E+000 5.59000000E+000
      NODE     104 2.40000000E+001 5.80000000E+000 2.99464286E+000
      NODE     105 2.73000000E+001 5.80000000E+000 5.59000000E+000
      NODE     106 2.72000000E+001 5.80000000E+000 5.59000000E+000
      NODE     107 2.40000000E+001 5.80000000E+000 3.09446429E+000
      NODE     108 2.71000000E+001 5.80000000E+000 5.59000000E+000
      NODE     109 2.40000000E+001 5.80000000E+000 3.19428571E+000
      NODE     110 2.70000000E+001 5.80000000E+000 5.59000000E+000
      NODE     111 2.69000000E+001 5.80000000E+000 5.59000000E+000
      NODE     112 2.40000000E+001 5.80000000E+000 3.29410714E+000
      NODE     113 2.68000000E+001 5.80000000E+000 5.59000000E+000
      NODE     114 2.40000000E+001 5.80000000E+000 3.39392857E+000
      NODE     115 2.67000000E+001 5.80000000E+000 5.59000000E+000
      NODE     116 2.66000000E+001 5.80000000E+000 5.59000000E+000
      NODE     117 2.40000000E+001 5.80000000E+000 3.49375000E+000
      NODE     118 2.65000000E+001 5.80000000E+000 5.59000000E+000
      NODE     119 2.40000000E+001 5.80000000E+000 3.59357143E+000
      NODE     120 2.64000000E+001 5.80000000E+000 5.59000000E+000
      NODE     121 2.63000000E+001 5.80000000E+000 5.59000000E+000
      NODE     122 2.40000000E+001 5.80000000E+000 3.69339286E+000
      NODE     123 2.62000000E+001 5.80000000E+000 5.59000000E+000
      NODE     124 2.40000000E+001 5.80000000E+000 3.79321429E+000
      NODE     125 2.61000000E+001 5.80000000E+000 5.59000000E+000
      NODE     126 2.40000000E+001 5.80000000E+000 3.89303571E+000
      NODE     127 2.60000000E+001 5.80000000E+000 5.59000000E+000
      NODE     128 2.59000000E+001 5.80000000E+000 5.59000000E+000
      NODE     129 2.40000000E+001 5.80000000E+000 3.99285714E+000
      NODE     130 2.58000000E+001 5.80000000E+000 5.59000000E+000
      NODE     131 2.40000000E+001 5.80000000E+000 4.09267857E+000
      NODE     132 2.57000000E+001 5.80000000E+000 5.59000000E+000
      NODE     133 2.40000000E+001 5.80000000E+000 4.19250000E+000
      NODE     134 2.56000000E+001 5.80000000E+000 5.59000000E+000
      NODE     135 2.40000000E+001 5.80000000E+000 4.29232143E+000
      NODE     136 2.55000000E+001 5.80000000E+000 5.59000000E+000
      NODE     137 2.54000000E+001 5.80000000E+000 5.59000000E+000
      NODE     138 2.40000000E+001 5.80000000E+000 4.39214286E+000
      NODE     139 2.53000000E+001 5.80000000E+000 5.59000000E+000
      NODE     140 2.40000000E+001 5.80000000E+000 4.49196429E+000
      NODE     141 2.52000000E+001 5.80000000E+000 5.59000000E+000
      NODE     142 2.40000000E+001 5.80000000E+000 4.59178571E+000
      NODE     143 2.51000000E+001 5.80000000E+000 5.59000000E+000
      NODE     144 2.40000000E+001 5.80000000E+000 4.69160714E+000
      NODE     145 2.50000000E+001 5.80000000E+000 5.59000000E+000
      NODE     146 2.40000000E+001 5.80000000E+000 4.79142857E+000
      NODE     147 2.49000000E+001 5.80000000E+000 5.59000000E+000
      NODE     148 2.48000000E+001 5.80000000E+000 5.59000000E+000
      NODE     149 2.40000000E+001 5.80000000E+000 4.89125000E+000
      NODE     150 2.47000000E+001 5.80000000E+000 5.59000000E+000
      NODE     151 2.40000000E+001 5.80000000E+000 4.99107143E+000
      NODE     152 2.46000000E+001 5.80000000E+000 5.59000000E+000
      NODE     153 2.40000000E+001 5.80000000E+000 5.09089286E+000
      NODE     154 2.45000000E+001 5.80000000E+000 5.59000000E+000
      NODE     155 2.40000000E+001 5.80000000E+000 5.19071429E+000
      NODE     156 2.44000000E+001 5.80000000E+000 5.59000000E+000
      NODE     157 2.40000000E+001 5.80000000E+000 5.29053571E+000
      NODE     158 2.43000000E+001 5.80000000E+000 5.59000000E+000
      NODE     159 2.40000000E+001 5.80000000E+000 5.39035714E+000
      NODE     160 2.42000000E+001 5.80000000E+000 5.59000000E+000
      NODE     161 2.40000000E+001 5.80000000E+000 5.49017857E+000
      NODE     162 2.41000000E+001 5.80000000E+000 5.59000000E+000
      NODE     163 2.40000000E+001 5.80000000E+000 5.59000000E+000
      NODE     164 2.40000000E+001 5.80000000E+000 4.99107143E-002
      NODE     165 2.40000000E+001 5.80000000E+000 1.49732143E-001
      NODE     166 2.40000000E+001 5.80000000E+000 2.49553571E-001
      NODE     167 2.40000000E+001 5.80000000E+000 3.49375000E-001
      NODE     168 2.40000000E+001 5.80000000E+000 4.49196429E-001
      NODE     169 2.40000000E+001 5.80000000E+000 5.49017857E-001
      NODE     170 2.40000000E+001 5.80000000E+000 6.48839286E-001
      NODE     171 2.40000000E+001 5.80000000E+000 7.48660714E-001
      NODE     172 2.40000000E+001 5.80000000E+000 8.48482143E-001
      NODE     173 2.40000000E+001 5.80000000E+000 9.48303571E-001
      NODE     174 2.40000000E+001 5.80000000E+000 1.04812500E+000
      NODE     175 2.40000000E+001 5.80000000E+000 1.14794643E+000
      NODE     176 2.40000000E+001 5.80000000E+000 1.24776786E+000
      NODE     177 2.40000000E+001 5.80000000E+000 1.34758929E+000
      NODE     178 2.40000000E+001 5.80000000E+000 1.44741071E+000
      NODE     179 2.40000000E+001 5.80000000E+000 1.54723214E+000
      NODE     180 2.40000000E+001 5.80000000E+000 1.64705357E+000
      NODE     181 2.40000000E+001 5.80000000E+000 1.74687500E+000
      NODE     182 2.40000000E+001 5.80000000E+000 1.84669643E+000
      NODE     183 2.40000000E+001 5.80000000E+000 1.94651786E+000
      NODE     184 2.40000000E+001 5.80000000E+000 2.04633929E+000
      NODE     185 2.40000000E+001 5.80000000E+000 2.14616071E+000
      NODE     186 2.40000000E+001 5.80000000E+000 2.24598214E+000
      NODE     187 2.40000000E+001 5.80000000E+000 2.34580357E+000
      NODE     188 2.40000000E+001 5.80000000E+000 2.44562500E+000
      NODE     189 2.40000000E+001 5.80000000E+000 2.54544643E+000
      NODE     190 2.40000000E+001 5.80000000E+000 2.64526786E+000
      NODE     191 2.40000000E+001 5.80000000E+000 2.74508929E+000
      NODE     192 2.40000000E+001 5.80000000E+000 2.84491071E+000
      NODE     193 2.40000000E+001 5.80000000E+000 2.94473214E+000
      NODE     194 2.40000000E+001 5.80000000E+000 3.04455357E+000
      NODE     195 2.40000000E+001 5.80000000E+000 3.14437500E+000
      NODE     196 2.40000000E+001 5.80000000E+000 3.24419643E+000
      NODE     197 2.40000000E+001 5.80000000E+000 3.34401786E+000
      NODE     198 2.40000000E+001 5.80000000E+000 3.44383929E+000
      NODE     199 2.40000000E+001 5.80000000E+000 3.54366071E+000
      NODE     200 2.40000000E+001 5.80000000E+000 3.64348214E+000
      NODE     201 2.40000000E+001 5.80000000E+000 3.74330357E+000
      NODE     202 2.40000000E+001 5.80000000E+000 3.84312500E+000
      NODE     203 2.40000000E+001 5.80000000E+000 3.94294643E+000
      NODE     204 2.40000000E+001 5.80000000E+000 4.04276786E+000
      NODE     205 2.40000000E+001 5.80000000E+000 4.14258929E+000
      NODE     206 2.40000000E+001 5.80000000E+000 4.24241071E+000
      NODE     207 2.40000000E+001 5.80000000E+000 4.34223214E+000
      NODE     208 2.40000000E+001 5.80000000E+000 4.44205357E+000
      NODE     209 2.40000000E+001 5.80000000E+000 4.54187500E+000
      NODE     210 2.40000000E+001 5.80000000E+000 4.64169643E+000
      NODE     211 2.40000000E+001 5.80000000E+000 4.74151786E+000
      NODE     212 2.40000000E+001 5.80000000E+000 4.84133929E+000
      NODE     213 2.40000000E+001 5.80000000E+000 4.94116071E+000
      NODE     214 2.40000000E+001 5.80000000E+000 5.04098214E+000
      NODE     215 2.40000000E+001 5.80000000E+000 5.14080357E+000
      NODE     216 2.40000000E+001 5.80000000E+000 5.24062500E+000
      NODE     217 2.40000000E+001 5.80000000E+000 5.34044643E+000
      NODE     218 2.40000000E+001 5.80000000E+000 5.44026786E+000
      NODE     219 2.40000000E+001 5.80000000E+000 5.54008929E+000
      NODE     220 2.40500000E+001 5.80000000E+000 5.59000000E+000
      NODE     221 2.41500000E+001 5.80000000E+000 5.59000000E+000
      NODE     222 2.42500000E+001 5.80000000E+000 5.59000000E+000
      NODE     223 2.43500000E+001 5.80000000E+000 5.59000000E+000
      NODE     224 2.44500000E+001 5.80000000E+000 5.59000000E+000
      NODE     225 2.45500000E+001 5.80000000E+000 5.59000000E+000
      NODE     226 2.46500000E+001 5.80000000E+000 5.59000000E+000
      NODE     227 2.47500000E+001 5.80000000E+000 5.59000000E+000
      NODE     228 2.48500000E+001 5.80000000E+000 5.59000000E+000
      NODE     229 2.49500000E+001 5.80000000E+000 5.59000000E+000
      NODE     230 2.50500000E+001 5.80000000E+000 5.59000000E+000
      NODE     231 2.51500000E+001 5.80000000E+000 5.59000000E+000
      NODE     232 2.52500000E+001 5.80000000E+000 5.59000000E+000
      NODE     233 2.53500000E+001 5.80000000E+000 5.59000000E+000
      NODE     234 2.54500000E+001 5.80000000E+000 5.59000000E+000
      NODE     235 2.55500000E+001 5.80000000E+000 5.59000000E+000
      NODE     236 2.56500000E+001 5.80000000E+000 5.59000000E+000
      NODE     237 2.57500000E+001 5.80000000E+000 5.59000000E+000
      NODE     238 2.58500000E+001 5.80000000E+000 5.59000000E+000
      NODE     239 2.59500000E+001 5.80000000E+000 5.59000000E+000
      NODE     240 2.60500000E+001 5.80000000E+000 5.59000000E+000
      NODE     241 2.61500000E+001 5.80000000E+000 5.59000000E+000
      NODE     242 2.62500000E+001 5.80000000E+000 5.59000000E+000
      NODE     243 2.63500000E+001 5.80000000E+000 5.59000000E+000
      NODE     244 2.64500000E+001 5.80000000E+000 5.59000000E+000
      NODE     245 2.65500000E+001 5.80000000E+000 5.59000000E+000
      NODE     246 2.66500000E+001 5.80000000E+000 5.59000000E+000
      NODE     247 2.67500000E+001 5.80000000E+000 5.59000000E+000
      NODE     248 2.68500000E+001 5.80000000E+000 5.59000000E+000
      NODE     249 2.69500000E+001 5.80000000E+000 5.59000000E+000
      NODE     250 2.70500000E+001 5.80000000E+000 5.59000000E+000
      NODE     251 2.71500000E+001 5.80000000E+000 5.59000000E+000
      NODE     252 2.72500000E+001 5.80000000E+000 5.59000000E+000
      NODE     253 2.73500000E+001 5.80000000E+000 5.59000000E+000
      NODE     254 2.74500000E+001 5.80000000E+000 5.59000000E+000
      NODE     255 2.75500000E+001 5.80000000E+000 5.59000000E+000
      NODE     256 2.76500000E+001 5.80000000E+000 5.59000000E+000
      NODE     257 2.77500000E+001 5.80000000E+000 5.59000000E+000
      NODE     258 2.78500000E+001 5.80000000E+000 5.59000000E+000
      NODE     259 2.79500000E+001 5.80000000E+000 5.59000000E+000
      NODE     260 2.80500000E+001 5.80000000E+000 5.59000000E+000
      NODE     261 2.81500000E+001 5.80000000E+000 5.59000000E+000
      NODE     262 2.82500000E+001 5.80000000E+000 5.59000000E+000
      NODE     263 2.83500000E+001 5.80000000E+000 5.59000000E+000
      NODE     264 2.84500000E+001 5.80000000E+000 5.59000000E+000
      NODE     265 2.85500000E+001 5.80000000E+000 5.59000000E+000
      NODE     266 2.86500000E+001 5.80000000E+000 5.59000000E+000
      NODE     267 2.87500000E+001 5.80000000E+000 5.59000000E+000
      NODE     268 2.88500000E+001 5.80000000E+000 5.59000000E+000
      NODE     269 2.89500000E+001 5.80000000E+000 5.59000000E+000
      NODE     270 2.90000000E+001 5.80000000E+000 5.54008929E+000
      NODE     271 2.90000000E+001 5.80000000E+000 5.44026786E+000
      NODE     272 2.90000000E+001 5.80000000E+000 5.34044643E+000
      NODE     273 2.90000000E+001 5.80000000E+000 5.24062500E+000
      NODE     274 2.90000000E+001 5.80000000E+000 5.14080357E+000
      NODE     275 2.90000000E+001 5.80000000E+000 5.04098214E+000
      NODE     276 2.90000000E+001 5.80000000E+000 4.94116071E+000
      NODE     277 2.90000000E+001 5.80000000E+000 4.84133929E+000
      NODE     278 2.90000000E+001 5.80000000E+000 4.74151786E+000
      NODE     279 2.90000000E+001 5.80000000E+000 4.64169643E+000
      NODE     280 2.90000000E+001 5.80000000E+000 4.54187500E+000
      NODE     281 2.90000000E+001 5.80000000E+000 4.44205357E+000
      NODE     282 2.90000000E+001 5.80000000E+000 4.34223214E+000
      NODE     283 2.90000000E+001 5.80000000E+000 4.24241071E+000
      NODE     284 2.90000000E+001 5.80000000E+000 4.14258929E+000
      NODE     285 2.90000000E+001 5.80000000E+000 4.04276786E+000
      NODE     286 2.90000000E+001 5.80000000E+000 3.94294643E+000
      NODE     287 2.90000000E+001 5.80000000E+000 3.84312500E+000
      NODE     288 2.90000000E+001 5.80000000E+000 3.74330357E+000
      NODE     289 2.90000000E+001 5.80000000E+000 3.64348214E+000
      NODE     290 2.90000000E+001 5.80000000E+000 3.54366071E+000
      NODE     291 2.90000000E+001 5.80000000E+000 3.44383929E+000
      NODE     292 2.90000000E+001 5.80000000E+000 3.34401786E+000
      NODE     293 2.90000000E+001 5.80000000E+000 3.24419643E+000
      NODE     294 2.90000000E+001 5.80000000E+000 3.14437500E+000
      NODE     295 2.90000000E+001 5.80000000E+000 3.04455357E+000
      NODE     296 2.90000000E+001 5.80000000E+000 2.94473214E+000
      NODE     297 2.90000000E+001 5.80000000E+000 2.84491071E+000
      NODE     298 2.90000000E+001 5.80000000E+000 2.74508929E+000
      NODE     299 2.90000000E+001 5.80000000E+000 2.64526786E+000
      NODE     300 2.90000000E+001 5.80000000E+000 2.54544643E+000
      NODE     301 2.90000000E+001 5.80000000E+000 2.44562500E+000
      NODE     302 2.90000000E+001 5.80000000E+000 2.34580357E+000
      NODE     303 2.90000000E+001 5.80000000E+000 2.24598214E+000
      NODE     304 2.90000000E+001 5.80000000E+000 2.14616071E+000
      NODE     305 2.90000000E+001 5.80000000E+000 2.04633929E+000
      NODE     306 2.90000000E+001 5.80000000E+000 1.94651786E+000
      NODE     307 2.90000000E+001 5.80000000E+000 1.84669643E+000
      NODE     308 2.90000000E+001 5.80000000E+000 1.74687500E+000
      NODE     309 2.90000000E+001 5.80000000E+000 1.64705357E+000
      NODE     310 2.90000000E+001 5.80000000E+000 1.54723214E+000
      NODE     311 2.90000000E+001 5.80000000E+000 1.44741071E+000
      NODE     312 2.90000000E+001 5.80000000E+000 1.34758929E+000
      NODE     313 2.90000000E+001 5.80000000E+000 1.24776786E+000
      NODE     314 2.90000000E+001 5.80000000E+000 1.14794643E+000
      NODE     315 2.90000000E+001 5.80000000E+000 1.04812500E+000
      NODE     316 2.90000000E+001 5.80000000E+000 9.48303571E-001
      NODE     317 2.90000000E+001 5.80000000E+000 8.48482143E-001
      NODE     318 2.90000000E+001 5.80000000E+000 7.48660714E-001
      NODE     319 2.90000000E+001 5.80000000E+000 6.48839286E-001
      NODE     320 2.90000000E+001 5.80000000E+000 5.49017857E-001
      NODE     321 2.90000000E+001 5.80000000E+000 4.49196429E-001
      NODE     322 2.90000000E+001 5.80000000E+000 3.49375000E-001
      NODE     323 2.90000000E+001 5.80000000E+000 2.49553571E-001
      NODE     324 2.90000000E+001 5.80000000E+000 1.49732143E-001
      NODE     325 2.90000000E+001 5.80000000E+000 4.99107143E-002
      NODE     326 2.40000000E+001 4.80000000E+000 4.99107143E-002
      NODE     327 2.40500000E+001 5.80000000E+000 6.59000000E+000
      NODE     328 2.90000000E+001 4.80000000E+000 5.54008929E+000
 FIXATIONS
     BLOCK     1   F0   F0   F0   F0   F0   F0   NO
     BLOCK    52   F0   F0   F0   F0   F0   F0   NO
   END_FIX
 NODOFBEAM
heb200.tem
 TRANSLATE    1    1
END_TRANS
ipe100.tem
 TRANSLATE    1    1
END_TRANS
      ELEM   1    52    164    53    326    1
      ELEM   2    53    165    54    326    1
      ELEM   3    54    166    55    326    1
      ELEM   4    55    167    56    326    1
      ELEM   5    56    168    57    326    1
      ELEM   6    57    169    58    326    1
      ELEM   7    58    170    59    326    1
      ELEM   8    59    171    60    326    1
      ELEM   9    60    172    61    326    1
      ELEM   10    61    173    63    326    1
      ELEM   11    63    174    64    326    1
      ELEM   12    64    175    65    326    1
      ELEM   13    65    176    66    326    1
      ELEM   14    66    177    68    326    1
      ELEM   15    68    178    69    326    1
      ELEM   16    69    179    70    326    1
      ELEM   17    70    180    71    326    1
      ELEM   18    71    181    73    326    1
      ELEM   19    73    182    74    326    1
      ELEM   20    74    183    75    326    1
      ELEM   21    75    184    77    326    1
      ELEM   22    77    185    78    326    1
      ELEM   23    78    186    80    326    1
      ELEM   24    80    187    81    326    1
      ELEM   25    81    188    82    326    1
      ELEM   26    82    189    90    326    1
      ELEM   27    90    190    95    326    1
      ELEM   28    95    191    98    326    1
      ELEM   29    98    192    101    326    1
      ELEM   30    101    193    104    326    1
      ELEM   31    104    194    107    326    1
      ELEM   32    107    195    109    326    1
      ELEM   33    109    196    112    326    1
      ELEM   34    112    197    114    326    1
      ELEM   35    114    198    117    326    1
      ELEM   36    117    199    119    326    1
      ELEM   37    119    200    122    326    1
      ELEM   38    122    201    124    326    1
      ELEM   39    124    202    126    326    1
      ELEM   40    126    203    129    326    1
      ELEM   41    129    204    131    326    1
      ELEM   42    131    205    133    326    1
      ELEM   43    133    206    135    326    1
      ELEM   44    135    207    138    326    1
      ELEM   45    138    208    140    326    1
      ELEM   46    140    209    142    326    1
      ELEM   47    142    210    144    326    1
      ELEM   48    144    211    146    326    1
      ELEM   49    146    212    149    326    1
      ELEM   50    149    213    151    326    1
      ELEM   51    151    214    153    326    1
      ELEM   52    153    215    155    326    1
      ELEM   53    155    216    157    326    1
      ELEM   54    157    217    159    326    1
      ELEM   55    159    218    161    326    1
      ELEM   56    161    219    163    326    1
      ELEM   57    162    220    163    327    2
      ELEM   58    160    221    162    327    2
      ELEM   59    158    222    160    327    2
      ELEM   60    156    223    158    327    2
      ELEM   61    154    224    156    327    2
      ELEM   62    152    225    154    327    2
      ELEM   63    150    226    152    327    2
      ELEM   64    148    227    150    327    2
      ELEM   65    147    228    148    327    2
      ELEM   66    145    229    147    327    2
      ELEM   67    143    230    145    327    2
      ELEM   68    141    231    143    327    2
      ELEM   69    139    232    141    327    2
      ELEM   70    137    233    139    327    2
      ELEM   71    136    234    137    327    2
      ELEM   72    134    235    136    327    2
      ELEM   73    132    236    134    327    2
      ELEM   74    130    237    132    327    2
      ELEM   75    128    238    130    327    2
      ELEM   76    127    239    128    327    2
      ELEM   77    125    240    127    327    2
      ELEM   78    123    241    125    327    2
      ELEM   79    121    242    123    327    2
      ELEM   80    120    243    121    327    2
      ELEM   81    118    244    120    327    2
      ELEM   82    116    245    118    327    2
      ELEM   83    115    246    116    327    2
      ELEM   84    113    247    115    327    2
      ELEM   85    111    248    113    327    2
      ELEM   86    110    249    111    327    2
      ELEM   87    108    250    110    327    2
      ELEM   88    106    251    108    327    2
      ELEM   89    105    252    106    327    2
      ELEM   90    103    253    105    327    2
      ELEM   91    102    254    103    327    2
      ELEM   92    100    255    102    327    2
      ELEM   93    99    256    100    327    2
      ELEM   94    97    257    99    327    2
      ELEM   95    96    258    97    327    2
      ELEM   96    94    259    96    327    2
      ELEM   97    93    260    94    327    2
      ELEM   98    92    261    93    327    2
      ELEM   99    91    262    92    327    2
      ELEM   100    89    263    91    327    2
      ELEM   101    88    264    89    327    2
      ELEM   102    87    265    88    327    2
      ELEM   103    86    266    87    327    2
      ELEM   104    85    267    86    327    2
      ELEM   105    84    268    85    327    2
      ELEM   106    83    269    84    327    2
      ELEM   107    79    270    83    328    1
      ELEM   108    76    271    79    328    1
      ELEM   109    72    272    76    328    1
      ELEM   110    67    273    72    328    1
      ELEM   111    62    274    67    328    1
      ELEM   112    51    275    62    328    1
      ELEM   113    50    276    51    328    1
      ELEM   114    49    277    50    328    1
      ELEM   115    48    278    49    328    1
      ELEM   116    47    279    48    328    1
      ELEM   117    46    280    47    328    1
      ELEM   118    45    281    46    328    1
      ELEM   119    44    282    45    328    1
      ELEM   120    43    283    44    328    1
      ELEM   121    42    284    43    328    1
      ELEM   122    41    285    42    328    1
      ELEM   123    40    286    41    328    1
      ELEM   124    39    287    40    328    1
      ELEM   125    38    288    39    328    1
      ELEM   126    37    289    38    328    1
      ELEM   127    36    290    37    328    1
      ELEM   128    35    291    36    328    1
      ELEM   129    34    292    35    328    1
      ELEM   130    33    293    34    328    1
      ELEM   131    32    294    33    328    1
      ELEM   132    31    295    32    328    1
      ELEM   133    30    296    31    328    1
      ELEM   134    29    297    30    328    1
      ELEM   135    28    298    29    328    1
      ELEM   136    27    299    28    328    1
      ELEM   137    26    300    27    328    1
      ELEM   138    25    301    26    328    1
      ELEM   139    24    302    25    328    1
      ELEM   140    23    303    24    328    1
      ELEM   141    22    304    23    328    1
      ELEM   142    21    305    22    328    1
      ELEM   143    20    306    21    328    1
      ELEM   144    19    307    20    328    1
      ELEM   145    18    308    19    328    1
      ELEM   146    17    309    18    328    1
      ELEM   147    16    310    17    328    1
      ELEM   148    15    311    16    328    1
      ELEM   149    14    312    15    328    1
      ELEM   150    13    313    14    328    1
      ELEM   151    12    314    13    328    1
      ELEM   152    11    315    12    328    1
      ELEM   153    10    316    11    328    1
      ELEM   154    9    317    10    328    1
      ELEM   155    8    318    9    328    1
      ELEM   156    7    319    8    328    1
      ELEM   157    6    320    7    328    1
      ELEM   158    5    321    6    328    1
      ELEM   159    4    322    5    328    1
      ELEM   160    3    323    4    328    1
      ELEM   161    2    324    3    328    1
      ELEM   162    1    325    2    328    1
PRECISION 1.0e-3 
     LOADS
  FUNCTION FLOAD
  NODELOAD     83  6.00e+01  0.00e+00  0.00e+00  0.00e+00  0.00e+00  0.00e+00
  NODELOAD    163  6.00e+01  0.00e+00  0.00e+00  0.00e+00  0.00e+00  0.00e+00
  END_LOAD
  FUNCTION FLOAD
 DISTRBEAM    1    0.00e+00    0.00e+00    -6.01e+02
 DISTRBEAM    2    0.00e+00    0.00e+00    -6.01e+02
 DISTRBEAM    3    0.00e+00    0.00e+00    -6.01e+02
 DISTRBEAM    4    0.00e+00    0.00e+00    -6.01e+02
 DISTRBEAM    5    0.00e+00    0.00e+00    -6.01e+02
 DISTRBEAM    6    0.00e+00    0.00e+00    -6.01e+02
 DISTRBEAM    7    0.00e+00    0.00e+00    -6.01e+02
 DISTRBEAM    8    0.00e+00    0.00e+00    -6.01e+02
 DISTRBEAM    9    0.00e+00    0.00e+00    -6.01e+02
 DISTRBEAM    10    0.00e+00    0.00e+00    -6.01e+02
 DISTRBEAM    11    0.00e+00    0.00e+00    -6.01e+02
 DISTRBEAM    12    0.00e+00    0.00e+00    -6.01e+02
 DISTRBEAM    13    0.00e+00    0.00e+00    -6.01e+02
 DISTRBEAM    14    0.00e+00    0.00e+00    -6.01e+02
 DISTRBEAM    15    0.00e+00    0.00e+00    -6.01e+02
 DISTRBEAM    16    0.00e+00    0.00e+00    -6.01e+02
 DISTRBEAM    17    0.00e+00    0.00e+00    -6.01e+02
 DISTRBEAM    18    0.00e+00    0.00e+00    -6.01e+02
 DISTRBEAM    19    0.00e+00    0.00e+00    -6.01e+02
 DISTRBEAM    20    0.00e+00    0.00e+00    -6.01e+02
 DISTRBEAM    21    0.00e+00    0.00e+00    -6.01e+02
 DISTRBEAM    22    0.00e+00    0.00e+00    -6.01e+02
 DISTRBEAM    23    0.00e+00    0.00e+00    -6.01e+02
 DISTRBEAM    24    0.00e+00    0.00e+00    -6.01e+02
 DISTRBEAM    25    0.00e+00    0.00e+00    -6.01e+02
 DISTRBEAM    26    0.00e+00    0.00e+00    -6.01e+02
 DISTRBEAM    27    0.00e+00    0.00e+00    -6.01e+02
 DISTRBEAM    28    0.00e+00    0.00e+00    -6.01e+02
 DISTRBEAM    29    0.00e+00    0.00e+00    -6.01e+02
 DISTRBEAM    30    0.00e+00    0.00e+00    -6.01e+02
 DISTRBEAM    31    0.00e+00    0.00e+00    -6.01e+02
 DISTRBEAM    32    0.00e+00    0.00e+00    -6.01e+02
 DISTRBEAM    33    0.00e+00    0.00e+00    -6.01e+02
 DISTRBEAM    34    0.00e+00    0.00e+00    -6.01e+02
 DISTRBEAM    35    0.00e+00    0.00e+00    -6.01e+02
 DISTRBEAM    36    0.00e+00    0.00e+00    -6.01e+02
 DISTRBEAM    37    0.00e+00    0.00e+00    -6.01e+02
 DISTRBEAM    38    0.00e+00    0.00e+00    -6.01e+02
 DISTRBEAM    39    0.00e+00    0.00e+00    -6.01e+02
 DISTRBEAM    40    0.00e+00    0.00e+00    -6.01e+02
 DISTRBEAM    41    0.00e+00    0.00e+00    -6.01e+02
 DISTRBEAM    42    0.00e+00    0.00e+00    -6.01e+02
 DISTRBEAM    43    0.00e+00    0.00e+00    -6.01e+02
 DISTRBEAM    44    0.00e+00    0.00e+00    -6.01e+02
 DISTRBEAM    45    0.00e+00    0.00e+00    -6.01e+02
 DISTRBEAM    46    0.00e+00    0.00e+00    -6.01e+02
 DISTRBEAM    47    0.00e+00    0.00e+00    -6.01e+02
 DISTRBEAM    48    0.00e+00    0.00e+00    -6.01e+02
 DISTRBEAM    49    0.00e+00    0.00e+00    -6.01e+02
 DISTRBEAM    50    0.00e+00    0.00e+00    -6.01e+02
 DISTRBEAM    51    0.00e+00    0.00e+00    -6.01e+02
 DISTRBEAM    52    0.00e+00    0.00e+00    -6.01e+02
 DISTRBEAM    53    0.00e+00    0.00e+00    -6.01e+02
 DISTRBEAM    54    0.00e+00    0.00e+00    -6.01e+02
 DISTRBEAM    55    0.00e+00    0.00e+00    -6.01e+02
 DISTRBEAM    56    0.00e+00    0.00e+00    -6.01e+02
 DISTRBEAM    57    0.00e+00    0.00e+00    -3.08e+03
 DISTRBEAM    58    0.00e+00    0.00e+00    -3.08e+03
 DISTRBEAM    59    0.00e+00    0.00e+00    -3.08e+03
 DISTRBEAM    60    0.00e+00    0.00e+00    -3.08e+03
 DISTRBEAM    61    0.00e+00    0.00e+00    -3.08e+03
 DISTRBEAM    62    0.00e+00    0.00e+00    -3.08e+03
 DISTRBEAM    63    0.00e+00    0.00e+00    -3.08e+03
 DISTRBEAM    64    0.00e+00    0.00e+00    -3.08e+03
 DISTRBEAM    65    0.00e+00    0.00e+00    -3.08e+03
 DISTRBEAM    66    0.00e+00    0.00e+00    -3.08e+03
 DISTRBEAM    67    0.00e+00    0.00e+00    -3.08e+03
 DISTRBEAM    68    0.00e+00    0.00e+00    -3.08e+03
 DISTRBEAM    69    0.00e+00    0.00e+00    -3.08e+03
 DISTRBEAM    70    0.00e+00    0.00e+00    -3.08e+03
 DISTRBEAM    71    0.00e+00    0.00e+00    -3.08e+03
 DISTRBEAM    72    0.00e+00    0.00e+00    -3.08e+03
 DISTRBEAM    73    0.00e+00    0.00e+00    -3.08e+03
 DISTRBEAM    74    0.00e+00    0.00e+00    -3.08e+03
 DISTRBEAM    75    0.00e+00    0.00e+00    -3.08e+03
 DISTRBEAM    76    0.00e+00    0.00e+00    -3.08e+03
 DISTRBEAM    77    0.00e+00    0.00e+00    -3.08e+03
 DISTRBEAM    78    0.00e+00    0.00e+00    -3.08e+03
 DISTRBEAM    79    0.00e+00    0.00e+00    -3.08e+03
 DISTRBEAM    80    0.00e+00    0.00e+00    -3.08e+03
 DISTRBEAM    81    0.00e+00    0.00e+00    -3.08e+03
 DISTRBEAM    82    0.00e+00    0.00e+00    -3.08e+03
 DISTRBEAM    83    0.00e+00    0.00e+00    -3.08e+03
 DISTRBEAM    84    0.00e+00    0.00e+00    -3.08e+03
 DISTRBEAM    85    0.00e+00    0.00e+00    -3.08e+03
 DISTRBEAM    86    0.00e+00    0.00e+00    -3.08e+03
 DISTRBEAM    87    0.00e+00    0.00e+00    -3.08e+03
 DISTRBEAM    88    0.00e+00    0.00e+00    -3.08e+03
 DISTRBEAM    89    0.00e+00    0.00e+00    -3.08e+03
 DISTRBEAM    90    0.00e+00    0.00e+00    -3.08e+03
 DISTRBEAM    91    0.00e+00    0.00e+00    -3.08e+03
 DISTRBEAM    92    0.00e+00    0.00e+00    -3.08e+03
 DISTRBEAM    93    0.00e+00    0.00e+00    -3.08e+03
 DISTRBEAM    94    0.00e+00    0.00e+00    -3.08e+03
 DISTRBEAM    95    0.00e+00    0.00e+00    -3.08e+03
 DISTRBEAM    96    0.00e+00    0.00e+00    -3.08e+03
 DISTRBEAM    97    0.00e+00    0.00e+00    -3.08e+03
 DISTRBEAM    98    0.00e+00    0.00e+00    -3.08e+03
 DISTRBEAM    99    0.00e+00    0.00e+00    -3.08e+03
 DISTRBEAM    100    0.00e+00    0.00e+00    -3.08e+03
 DISTRBEAM    101    0.00e+00    0.00e+00    -3.08e+03
 DISTRBEAM    102    0.00e+00    0.00e+00    -3.08e+03
 DISTRBEAM    103    0.00e+00    0.00e+00    -3.08e+03
 DISTRBEAM    104    0.00e+00    0.00e+00    -3.08e+03
 DISTRBEAM    105    0.00e+00    0.00e+00    -3.08e+03
 DISTRBEAM    106    0.00e+00    0.00e+00    -3.08e+03
 DISTRBEAM    107    0.00e+00    0.00e+00    -6.01e+02
 DISTRBEAM    108    0.00e+00    0.00e+00    -6.01e+02
 DISTRBEAM    109    0.00e+00    0.00e+00    -6.01e+02
 DISTRBEAM    110    0.00e+00    0.00e+00    -6.01e+02
 DISTRBEAM    111    0.00e+00    0.00e+00    -6.01e+02
 DISTRBEAM    112    0.00e+00    0.00e+00    -6.01e+02
 DISTRBEAM    113    0.00e+00    0.00e+00    -6.01e+02
 DISTRBEAM    114    0.00e+00    0.00e+00    -6.01e+02
 DISTRBEAM    115    0.00e+00    0.00e+00    -6.01e+02
 DISTRBEAM    116    0.00e+00    0.00e+00    -6.01e+02
 DISTRBEAM    117    0.00e+00    0.00e+00    -6.01e+02
 DISTRBEAM    118    0.00e+00    0.00e+00    -6.01e+02
 DISTRBEAM    119    0.00e+00    0.00e+00    -6.01e+02
 DISTRBEAM    120    0.00e+00    0.00e+00    -6.01e+02
 DISTRBEAM    121    0.00e+00    0.00e+00    -6.01e+02
 DISTRBEAM    122    0.00e+00    0.00e+00    -6.01e+02
 DISTRBEAM    123    0.00e+00    0.00e+00    -6.01e+02
 DISTRBEAM    124    0.00e+00    0.00e+00    -6.01e+02
 DISTRBEAM    125    0.00e+00    0.00e+00    -6.01e+02
 DISTRBEAM    126    0.00e+00    0.00e+00    -6.01e+02
 DISTRBEAM    127    0.00e+00    0.00e+00    -6.01e+02
 DISTRBEAM    128    0.00e+00    0.00e+00    -6.01e+02
 DISTRBEAM    129    0.00e+00    0.00e+00    -6.01e+02
 DISTRBEAM    130    0.00e+00    0.00e+00    -6.01e+02
 DISTRBEAM    131    0.00e+00    0.00e+00    -6.01e+02
 DISTRBEAM    132    0.00e+00    0.00e+00    -6.01e+02
 DISTRBEAM    133    0.00e+00    0.00e+00    -6.01e+02
 DISTRBEAM    134    0.00e+00    0.00e+00    -6.01e+02
 DISTRBEAM    135    0.00e+00    0.00e+00    -6.01e+02
 DISTRBEAM    136    0.00e+00    0.00e+00    -6.01e+02
 DISTRBEAM    137    0.00e+00    0.00e+00    -6.01e+02
 DISTRBEAM    138    0.00e+00    0.00e+00    -6.01e+02
 DISTRBEAM    139    0.00e+00    0.00e+00    -6.01e+02
 DISTRBEAM    140    0.00e+00    0.00e+00    -6.01e+02
 DISTRBEAM    141    0.00e+00    0.00e+00    -6.01e+02
 DISTRBEAM    142    0.00e+00    0.00e+00    -6.01e+02
 DISTRBEAM    143    0.00e+00    0.00e+00    -6.01e+02
 DISTRBEAM    144    0.00e+00    0.00e+00    -6.01e+02
 DISTRBEAM    145    0.00e+00    0.00e+00    -6.01e+02
 DISTRBEAM    146    0.00e+00    0.00e+00    -6.01e+02
 DISTRBEAM    147    0.00e+00    0.00e+00    -6.01e+02
 DISTRBEAM    148    0.00e+00    0.00e+00    -6.01e+02
 DISTRBEAM    149    0.00e+00    0.00e+00    -6.01e+02
 DISTRBEAM    150    0.00e+00    0.00e+00    -6.01e+02
 DISTRBEAM    151    0.00e+00    0.00e+00    -6.01e+02
 DISTRBEAM    152    0.00e+00    0.00e+00    -6.01e+02
 DISTRBEAM    153    0.00e+00    0.00e+00    -6.01e+02
 DISTRBEAM    154    0.00e+00    0.00e+00    -6.01e+02
 DISTRBEAM    155    0.00e+00    0.00e+00    -6.01e+02
 DISTRBEAM    156    0.00e+00    0.00e+00    -6.01e+02
 DISTRBEAM    157    0.00e+00    0.00e+00    -6.01e+02
 DISTRBEAM    158    0.00e+00    0.00e+00    -6.01e+02
 DISTRBEAM    159    0.00e+00    0.00e+00    -6.01e+02
 DISTRBEAM    160    0.00e+00    0.00e+00    -6.01e+02
 DISTRBEAM    161    0.00e+00    0.00e+00    -6.01e+02
 DISTRBEAM    162    0.00e+00    0.00e+00    -6.01e+02
  END_LOAD
      MASS
    M_BEAM    1    6.10e+01    2.00e+00
    M_BEAM    2    6.10e+01    2.00e+00
    M_BEAM    3    6.10e+01    2.00e+00
    M_BEAM    4    6.10e+01    2.00e+00
    M_BEAM    5    6.10e+01    2.00e+00
    M_BEAM    6    6.10e+01    2.00e+00
    M_BEAM    7    6.10e+01    2.00e+00
    M_BEAM    8    6.10e+01    2.00e+00
    M_BEAM    9    6.10e+01    2.00e+00
    M_BEAM    10    6.10e+01    2.00e+00
    M_BEAM    11    6.10e+01    2.00e+00
    M_BEAM    12    6.10e+01    2.00e+00
    M_BEAM    13    6.10e+01    2.00e+00
    M_BEAM    14    6.10e+01    2.00e+00
    M_BEAM    15    6.10e+01    2.00e+00
    M_BEAM    16    6.10e+01    2.00e+00
    M_BEAM    17    6.10e+01    2.00e+00
    M_BEAM    18    6.10e+01    2.00e+00
    M_BEAM    19    6.10e+01    2.00e+00
    M_BEAM    20    6.10e+01    2.00e+00
    M_BEAM    21    6.10e+01    2.00e+00
    M_BEAM    22    6.10e+01    2.00e+00
    M_BEAM    23    6.10e+01    2.00e+00
    M_BEAM    24    6.10e+01    2.00e+00
    M_BEAM    25    6.10e+01    2.00e+00
    M_BEAM    26    6.10e+01    2.00e+00
    M_BEAM    27    6.10e+01    2.00e+00
    M_BEAM    28    6.10e+01    2.00e+00
    M_BEAM    29    6.10e+01    2.00e+00
    M_BEAM    30    6.10e+01    2.00e+00
    M_BEAM    31    6.10e+01    2.00e+00
    M_BEAM    32    6.10e+01    2.00e+00
    M_BEAM    33    6.10e+01    2.00e+00
    M_BEAM    34    6.10e+01    2.00e+00
    M_BEAM    35    6.10e+01    2.00e+00
    M_BEAM    36    6.10e+01    2.00e+00
    M_BEAM    37    6.10e+01    2.00e+00
    M_BEAM    38    6.10e+01    2.00e+00
    M_BEAM    39    6.10e+01    2.00e+00
    M_BEAM    40    6.10e+01    2.00e+00
    M_BEAM    41    6.10e+01    2.00e+00
    M_BEAM    42    6.10e+01    2.00e+00
    M_BEAM    43    6.10e+01    2.00e+00
    M_BEAM    44    6.10e+01    2.00e+00
    M_BEAM    45    6.10e+01    2.00e+00
    M_BEAM    46    6.10e+01    2.00e+00
    M_BEAM    47    6.10e+01    2.00e+00
    M_BEAM    48    6.10e+01    2.00e+00
    M_BEAM    49    6.10e+01    2.00e+00
    M_BEAM    50    6.10e+01    2.00e+00
    M_BEAM    51    6.10e+01    2.00e+00
    M_BEAM    52    6.10e+01    2.00e+00
    M_BEAM    53    6.10e+01    2.00e+00
    M_BEAM    54    6.10e+01    2.00e+00
    M_BEAM    55    6.10e+01    2.00e+00
    M_BEAM    56    6.10e+01    2.00e+00
    M_BEAM    57    3.14e+02    2.00e+00
    M_BEAM    58    3.14e+02    2.00e+00
    M_BEAM    59    3.14e+02    2.00e+00
    M_BEAM    60    3.14e+02    2.00e+00
    M_BEAM    61    3.14e+02    2.00e+00
    M_BEAM    62    3.14e+02    2.00e+00
    M_BEAM    63    3.14e+02    2.00e+00
    M_BEAM    64    3.14e+02    2.00e+00
    M_BEAM    65    3.14e+02    2.00e+00
    M_BEAM    66    3.14e+02    2.00e+00
    M_BEAM    67    3.14e+02    2.00e+00
    M_BEAM    68    3.14e+02    2.00e+00
    M_BEAM    69    3.14e+02    2.00e+00
    M_BEAM    70    3.14e+02    2.00e+00
    M_BEAM    71    3.14e+02    2.00e+00
    M_BEAM    72    3.14e+02    2.00e+00
    M_BEAM    73    3.14e+02    2.00e+00
    M_BEAM    74    3.14e+02    2.00e+00
    M_BEAM    75    3.14e+02    2.00e+00
    M_BEAM    76    3.14e+02    2.00e+00
    M_BEAM    77    3.14e+02    2.00e+00
    M_BEAM    78    3.14e+02    2.00e+00
    M_BEAM    79    3.14e+02    2.00e+00
    M_BEAM    80    3.14e+02    2.00e+00
    M_BEAM    81    3.14e+02    2.00e+00
    M_BEAM    82    3.14e+02    2.00e+00
    M_BEAM    83    3.14e+02    2.00e+00
    M_BEAM    84    3.14e+02    2.00e+00
    M_BEAM    85    3.14e+02    2.00e+00
    M_BEAM    86    3.14e+02    2.00e+00
    M_BEAM    87    3.14e+02    2.00e+00
    M_BEAM    88    3.14e+02    2.00e+00
    M_BEAM    89    3.14e+02    2.00e+00
    M_BEAM    90    3.14e+02    2.00e+00
    M_BEAM    91    3.14e+02    2.00e+00
    M_BEAM    92    3.14e+02    2.00e+00
    M_BEAM    93    3.14e+02    2.00e+00
    M_BEAM    94    3.14e+02    2.00e+00
    M_BEAM    95    3.14e+02    2.00e+00
    M_BEAM    96    3.14e+02    2.00e+00
    M_BEAM    97    3.14e+02    2.00e+00
    M_BEAM    98    3.14e+02    2.00e+00
    M_BEAM    99    3.14e+02    2.00e+00
    M_BEAM    100    3.14e+02    2.00e+00
    M_BEAM    101    3.14e+02    2.00e+00
    M_BEAM    102    3.14e+02    2.00e+00
    M_BEAM    103    3.14e+02    2.00e+00
    M_BEAM    104    3.14e+02    2.00e+00
    M_BEAM    105    3.14e+02    2.00e+00
    M_BEAM    106    3.14e+02    2.00e+00
    M_BEAM    107    6.10e+01    2.00e+00
    M_BEAM    108    6.10e+01    2.00e+00
    M_BEAM    109    6.10e+01    2.00e+00
    M_BEAM    110    6.10e+01    2.00e+00
    M_BEAM    111    6.10e+01    2.00e+00
    M_BEAM    112    6.10e+01    2.00e+00
    M_BEAM    113    6.10e+01    2.00e+00
    M_BEAM    114    6.10e+01    2.00e+00
    M_BEAM    115    6.10e+01    2.00e+00
    M_BEAM    116    6.10e+01    2.00e+00
    M_BEAM    117    6.10e+01    2.00e+00
    M_BEAM    118    6.10e+01    2.00e+00
    M_BEAM    119    6.10e+01    2.00e+00
    M_BEAM    120    6.10e+01    2.00e+00
    M_BEAM    121    6.10e+01    2.00e+00
    M_BEAM    122    6.10e+01    2.00e+00
    M_BEAM    123    6.10e+01    2.00e+00
    M_BEAM    124    6.10e+01    2.00e+00
    M_BEAM    125    6.10e+01    2.00e+00
    M_BEAM    126    6.10e+01    2.00e+00
    M_BEAM    127    6.10e+01    2.00e+00
    M_BEAM    128    6.10e+01    2.00e+00
    M_BEAM    129    6.10e+01    2.00e+00
    M_BEAM    130    6.10e+01    2.00e+00
    M_BEAM    131    6.10e+01    2.00e+00
    M_BEAM    132    6.10e+01    2.00e+00
    M_BEAM    133    6.10e+01    2.00e+00
    M_BEAM    134    6.10e+01    2.00e+00
    M_BEAM    135    6.10e+01    2.00e+00
    M_BEAM    136    6.10e+01    2.00e+00
    M_BEAM    137    6.10e+01    2.00e+00
    M_BEAM    138    6.10e+01    2.00e+00
    M_BEAM    139    6.10e+01    2.00e+00
    M_BEAM    140    6.10e+01    2.00e+00
    M_BEAM    141    6.10e+01    2.00e+00
    M_BEAM    142    6.10e+01    2.00e+00
    M_BEAM    143    6.10e+01    2.00e+00
    M_BEAM    144    6.10e+01    2.00e+00
    M_BEAM    145    6.10e+01    2.00e+00
    M_BEAM    146    6.10e+01    2.00e+00
    M_BEAM    147    6.10e+01    2.00e+00
    M_BEAM    148    6.10e+01    2.00e+00
    M_BEAM    149    6.10e+01    2.00e+00
    M_BEAM    150    6.10e+01    2.00e+00
    M_BEAM    151    6.10e+01    2.00e+00
    M_BEAM    152    6.10e+01    2.00e+00
    M_BEAM    153    6.10e+01    2.00e+00
    M_BEAM    154    6.10e+01    2.00e+00
    M_BEAM    155    6.10e+01    2.00e+00
    M_BEAM    156    6.10e+01    2.00e+00
    M_BEAM    157    6.10e+01    2.00e+00
    M_BEAM    158    6.10e+01    2.00e+00
    M_BEAM    159    6.10e+01    2.00e+00
    M_BEAM    160    6.10e+01    2.00e+00
    M_BEAM    161    6.10e+01    2.00e+00
    M_BEAM    162    6.10e+01    2.00e+00
  END_MASS
 MATERIALS
STEELEC3
           2.10e+11   3.00e-01   2.45e+08  1200.   0.
      TIME
      12.0     1200.0       36.0
   ENDTIME
     EPSTH
IMPRESSION
 TIMEPRINT
      60.0     1200.0
END_TIMEPR
PRINTREACT
   PRINTMN
